1
8000 12 8 12
115200 3840 120 144 92160 69120 2160 51840 138240 2592 41472 82944
71680 276480 107520 3584 786432 368640 24576 2688 36864 10240 26880 860160
296352 3226944 84672 592704 56448 806736 197568 448 1580544 790272 9408 37632
10080 4480 3000 604800 5880 630 2304 88200 134400 1008000 240 1152
100352 702464 3584 56 28672 3136 1568 392 175616 3584 87808 3136
13824 15360 215040 5760 18432 40320 276480 4608 768 2580480 128 3072
94080 70560 18816 60 1008 360 224 141120 1260 240 161280 4608
27648 6048 672 336 16128 1536 14112 12096 224 6048 4608 56448
5184000 9600 57600 4800 24000 960 307200 480 48000 600 5760 1600
1470 392 180 2520 1260 123480 2520 63504 127008 280 1512 54
4741632 420 63 1920 120960 1 1680 840 9408 70560 120960 840
86436 5880 686 392 4704 192080 16464 13720 5880 230496 493920 82320
1728 1524096 28224 108 10368 225792 3024 338688 3024 508032 108864 2032128
216000 504000 17280 10800 720 4800 3780 30240 360 12 270000 3780
2688 448 23040 64512 2016 2520 672 20160 144 90 69120 1152
16800 24000 1600 2940 3920000 1400 8400 168000 42000 39200 35280 58800
120960 3600 86400 504000 20160 180 1120 90 19200 1008 400 12600
1764 84672 9408 2688 42 672 2352 12348 28224 7056 222264 1344
2352 2688 1176 4704 588 384 37632 7056 392 10976 1344 56448
172032 882 80640 1792 37632 672 48 15680 80640 164640 80640 7840
147456 1536 1152 2304 73728 884736 65536 324 6144 768 4608 18432
16 3150 420 192 50400 20160 7200 2520 1800 8640 7840 1209600
12096 12348 296352 504 84 6048 49392 197568 84 5292 882 144
4608 110592 768 768 663552 9216 3072 55296 1152 576 3981312 6912
230400 960 1920 50 860160 3840 672000 268800 175 53760 120 26880
5760 64800 4800 5184 2177280 630 2488320 387072 1260 2903040 622080 12096
7680 336 256 20480 48 640 2048 896 430080 344064 512 10240
480 737280 259200 5760 184320 3456 276480 10368 259200 27648 24 92160
1920 800 5760 11520 900 5184 960 14400 3600 9600 25920 28800
75264 32 2688 3072 448 448 768 2688 448 1344 18816 2688
258048 69120 5184 483840 13440 40642560 967680 4320 8064 16128 840 10080
6480 1080 9000 1800 2700 1080 181440 113400 77760 453600 3024 3024
18432 20160 30240 60480 4608 1440 576 3072 36288 8064 5806080 2880
30 12800 180 604800 72000 126000 360 20160 3 6300 17280 2520
18000 126000 9000 36750 150 36 10500 1260 12600 529200 75600 576
672 12096 336 2304 248832 168 336 128 4032 864 144 336
896 384 1152 43904 672 2765952 2352 1008 22127616 14112 168 5488
72576 2322432 82944 48 82944 2304 16128 14112 56 48384 48384 72
23040 4800 921600 110592 144 11059200 18432 960 46080 16 73728 2880
26880 1344 13440 7840 120 24192 5760 4515840 3360 7560 2560 720
5040 1440 42 134400 58800 36000 6048 78400 82320 3920 1050 16800
451584 2520 23520 672 3840 10080 8640 15680 47040 7560 172800 230400
864 36 20736 55296 6144 27648 1024 331776 3456 1152 36 1769472
13440 1080 36288 362880 186624 288 82944 34560 145152 42 5184 120960
1260 80640 144 1152 69120 8 53760 1440 6720 193536 384 192
23040 21600 1536 864 11520 138240 60 19200 18 2880 4800 4608
110592 6144 576 432 1152 1728 144 6912 20736 1152 2304 192
1400 179200 56000 112000 5000 12800 358400 25088 392000 6400 14336000 400
20736 144 10368 1728 20736 1296 144 1728 110592 1536 663552 6912
329280 10976 1176 141120 82320 3457440 10290 82320 29400 32928 1470 14700
6912 4644864 55296 2322432 13824 442368 12096 64512 1536 27648 4032 1512
32256 172032 4704 677376 32 301056 301056 21504 5376 28672 768 112896
317520 1080 3528 2450 12600 15120 64800 2100 907200 12600 168 60480
229376 8064 4096 258048 128 1152 9216 258048 3584 258048 37632 64512
1344 2560 12 282240 30870 188160 560 392 392 210 5376 4704
200 2352000 240 30 60 28224 1058400 960 105840 3360 60 75600
164640 480 117600 58800 11200 940800 3000 11289600 176400 280 1920 560
1536 7680 2048 524288 24576 5120 30720 24576 5120 1920 160 512
12096 9072 11760 1512 42336 378 3048192 1728 7560 5880 1890 7560
112896 864 2765952 882 98784 2016 14112 1512 10584 28224 98 672
7560 6615 168 6720 13440 113400 15120 17640 117600 140 161280 1008
192 5160960 80640 604800 21504 20160 26880 140 645120 672 35840 720
160 43200 360 414720 129600 4800 57600 600 2304 1152 240 86400
1152 144 70560 6048 53760 87808 263424 168 80640 40320 65856 52920
2688 53760 7680 280 76800 115200 176400 8064 13440 430080 960 120422400
4500 60 17280 8640 4320 480 6000 10800 1800 108000 720 720
34560 75600 69120 90720 1008 360 17280 75600 630 630 18900 100800
21600 8640 17280 34560 34560 12960 1728 4800 864000 1296 288000 384
352800 5760 1512 117600 900 10080 6400 600 241920 5760 12000 2520
2304 1152 648 9216 3456 1536 18 1296 9216 576 4608 18432
9216 1080 2160 17280 17280 4320 1440 5760 2160 207360 55296 69120
395136 168 16464 4704 18816 21952 42 1008 18816 252 74088 1580544
6144 18432 46080 26880 72 24 768 4096 43008 5120 7680 12288
6174 560 493920 411600 294 1680 20580 400 4704 6860 34300 691488
614656 15680 329280 46080 43218 37632 384 1536 3360 4704 175616 160
39200 44800 1600 4480 8960 320 50176 200704 784 7 320 4480
13440 17920 9000 576000 144 5600 48000 10500 1200 8000 140000 1000
20160 576 6144 1024 552960 5376 4320 1512 1536 7680 72 4480
1260 1680 105 630 70560 2520 4320 20160 22680 3024 181440 21168
13824 1728 55296 884736 8192 36864 1327104 110592 9216 144 768 663552
17640 25200 1852200 3528 2520 2520 84672 5040 246960 840 120960 3888
82320 8820 2352 70 44100 1050 35280 8643600 22050 4410 308700 1
1185408 103680 1120 62720 752640 54880 1890 27095040 1580544 6773760 26880 96768
60 4800 11760 40320 151200 1764000 403200 2880 12600 216 560 350
21504 240 14336 286720 840 1280 448 336 86016 86016 512 12288
11760 1620 63 15876 20160 54 96 1270080 338688 1451520 16128 5040
21600 36 51840 6912 360 4320 12 864 576 4320 12 1800
3780 979776 432 62208 136080 1008 432 93312 504 3888 105 5184
1260 2016 216000 1890000 1500 1344 63000 7000 3456 2400 10800 57600
64512 360 53760 420 120960 2880 120960 6912 5760 69672960 645120 15360
3360 156800 1920 4480 40 179200 11200 2560 94080 16000 31360 13440
13824 1280 180 6 2304 276480 3072 1440 69120 414720 768 4320
110592 5760 144 15360 7680 442368 1658880 3072 92160 48 96 11520
40320 89600 480 64000 4800 16128 840 800 12000 84000 16128 8400
129024 2688 10321920 4 32256 1548288 1344 17280 504 129024 48384 1280
17280 40320 40320 3456 3150 60480 34560 6720 5040 80640 8640 53760
47040 134400 48 322560 13440 8960 13440 1400 37632 6720 1920 400
196608 4608 49152 24 9216 9216 32 2304 6144 6912 768 9216
141120 352800 134400 2100 44800 1792 1881600 384 470400 57600 282240 24
360 2592 193536 45360 108 26880 1536 5760 544320 207360 60480 1620
3584 15680 268800 3136 41160 1003520 9408 6146560 5880 5880 47040 92198400
109760 3360 56 1008 439040 336 107520 230496 60 376320 840 686
17640 169344 645120 1728 8064 6720 7056 301056 32256 45360 258048 193536
252 1008 12 18144 3024 648 168 1008 2592 72 6048 4032
560 8400 448 14400 115200 67200 3225600 64512 322560 840 420 7200
36000 450 40500 600 125 18 56250 540 90 90000 24300 540
3763200 2240 1960 4704 313600 313600 2940 13440 1400 29400 960 70
352800 120960 823200 42336 211680 9600 17280 6860 92610 1296 705600 370440
6048 75264 5376 802816 564480 80640 301056 112896 6144 12544 100352 69120
537600 2352 4480 16800 31360 30 96 14 3136 7840 16464 235200
6585600 15680 514500 105 76800 16800 13440 3360 179200 3360 800 2800
987840 1176 2058 1152480 42 123480 1176 30870 336 185220 210 7056
288 288 3456 1296 11664 1944 1728 497664 36864 2592 55296 746496
24576 672 6272 448 37632 1344 7168 448 3584 28 200704 688128
4032 96 2688 48384 2268 32256 252 36288 2304 1152 48384 3024
960 1680 63 14000 3360 5040 900 400 7200 315 30240 1440
2688 21504 5760 12096 23040 40 576 1152 10080 1440 576 230400
147456 114688 1032192 6720 224 344064 71680 61440 512 122880 320 15360
4608 1693440 19200 1120 141120 2240 282240 483840 6720 33868800 96768 280
4800 3840 2520 10752 100800 38400 11520 1152 288 138240 1728 23040
40320 268800 60 13440 10752 33600 960 2240 960 3360 224 8064
108 244944 630 9072 2268 38880 54432 408240 15120 1512 1 40824
560 600 58800 3360 50176 53760 752640 280 40 47040 2940 1400
4032 7776 1296 16128 2612736 6048 6048 672 15552 288 72576 1008
18000 33600 4500 1000 120 15120 126000 3000 5600 2520 3750 210000
4096 30720 25600 4 3840 230400 480 7200 5760 1536 480 1440
107520 1720320 2048 81920 2048 491520 4587520 3670016 860160 35840 14336 86016
430080 2304 35280 806400 17640 12096 2160 35 16128 15120 161280 3456
576 432 504 11612160 3456 12096 280 5376 6720 6912 378 640
11520 10368 1920 3072 9216 3456 1080 241920 11520 17280 10080 2160
7840 16800 2688 470400 2352 160 2240 768 10752 2240 470400 35280
134400 115200 6720 94080 26880 2822400 19200 161280 1290240 7840 2150400 84
23520 132300 112 2520 211680 490 30240 35280 7408800 35280 2352 12096
39690 61740 360 82320 252 2940 9261 63504 7056 15435 92610 476280
219520 15680 4480 2240 1120 980 8960 35840 896 3136 250880 112
3840 480 11520 94080 12544 329280 94080 1580544 6272 10752 12544 784
29400 45 1575 150 1260 157500 4410 350 12600 37800 1080 14
6912 13824 13824 864 18432 144 18432 72 288 124416 13824 108
84 735 37800 1152480 77175 28812 5880 823200 74088 70560 10584 19208
9 360 864 432 9072 504 30240 1008 81648 18144 9 116640
5400 181440 336 2700 2016 50400 20160 6 1008 32400 864 3024
9408 110592 193536 36864 18432 9216 4032 129024 145152 288 16128 1152
1280 2688 420 112 32 840 2520 16128 263424 131712 2257920 72
192000 172800 120 6000 40 9600 46080 240 135 6912 1200 1125
64512 672 72576 72 18 6912 2268 4608 432 6144 336 288
8820 7560 8232 15876 2940 72 2469600 70560 28 2016 72 2520
25920 43200 18900 378 1728 2400 80 160 504000 25200 756 57600
8820 5880 84 10080 14112 1764 1481760 35280 5880 5880 1715 6720
12096 112896 48384 10752 150528 1580544 5376 903168 5376 258048 112896 169344
11200 1792 1433600 16 224 8192 160 8960 22400 448000 8 6400
1568 658560 360 46080 11760 201600 11760 201600 125440 2744 1646400 46080
504 1512 777924 74088 28812 2722734 31752 1764 444528 74088 127008 6174
1075200 640 107520 160 76800 53760 960 13440 62720 448 560 76800
4320 161280 8064 1440 2 245760 387072 48 7680 4320 26880 192
21168 317520 1372 224 6720 3528 10372320 2744 6050520 141120 61740 126
960 86400 108000 691200 115200 23040 480 2400 3600 115200 300 125
24696 28224 2420208 3136 57624 197568 28224 10976 37632 197568 1568 5531904
107520 1920 1440 737280 9216 1179648 1024 192 17920 860160 2359296 184320
756000 2800 3600 252 108000 3600 37800 1575 648 6300 189 162
2880 69120 16128 151200 144 1920 960 336 69120 276480 3600 26880
3360 672 188160 151200 16934400 35280 504 33868800 1800 470400 3600 56700
448 80 43200 4838400 2880 90 1290240 86016 480 7741440 560 36864
302400 2520 40320 14400 34560 672 4320 420 30240 15120 1008 144
21600 20160 453600 1088640 2625 210 180 42000 340200 20160 136080 25920
8000 1050000 14 225 210000 7200 3600 2400 320 960 120 1680000
336 18816 1715 47040 439040 47040 32928 6272 13440 25088 47040 9800
192 69120 1080 92160 276480 122880 18432 1161216 2304 64512 3870720 110592
180 512 5760 80640 288 840 322560 96768 120960 128 2880 96
48384 290304 336 18 28 4032 373248 24192 8064 193536 6048 108
9216 96 2304 30720 11520 6912 1728 23040 23040 368640 1440 3840
241920 268800 240 105840 10080 21600 88200 288 336 151200 17280 8820
672 169344 56448 84672 64512 21952 12 196 28224 1152 1344 98784
18432 30720 184320 13824 768 11520 720 2880 23040 69120 2304 61440
2880 80640 8064 630 96 84 576 252 17280 2016 32256 140
338688 74088 47040 224 80 210 3360 784 336 8232 1344 288
5880 7056 94080 4704 12348 47040 38416 4704 141120 252 2016 1008
98000 183750 50 11760 33600 588000 1764000 70560000 10500 1260000 235200 1680
840 7776 161280 960 50400 4838400 435456 240 48384 8640 630 138240
8640 155520 48 3360 10886400 1058400 52920 4200 7056 540 90720 12960
400 3584 784000 980000 4480 35840 78400 11200 4480 32 2240 358400
752640 40960 80640 13440 384 2949120 1024 903168 21504 224 14 504
276480 216 6912 276480 2880 13824 55296 82944 432 51840 23040 17280
8064 40320 5760 2822400 8640 8064 336 10080 120960 76800 8064 8400
617400 1512 3704400 50400 1176 30240 37800 12600 317520 88200 3704400 882
22050 14000 10500 3150 110250 36000 88200 70560 183750 3920 630 7350
64800 1440 3600 7200 48600 75600 2520 2700 900 648 12600 18900
350000 448000 960 280 14000 1400 6400 150 14000 2450 56000 2000
2688 34560 124416 322560 192 92160 322560 215040 435456 80640 5760 322560
6144 120 480 9408 768 75264 768 24 384 25088 56448 225792
120960 5760 12 120960 40320 7560 725760 2304 215040 288 216 288
2160 5760 6912 103680 8640 4860 11520 184320 155520 9216 5760 1440
540 3240 2592 2880 103680 77760 6480 1440 31104 1440 36 25920
2688 8 1260 5760 128 141120 96768 13824 94080 2160 30720 56448
2688 420 560 2880 6048 5040 180 1290240 5376 193536 42 5760
2150400 27648 307200 76800 302400 5600 3600 161280 4800 1843200 19200 2400
400 648 720 5184 2160 25200 7200 155520 6048 96 252 3456
9600 5040 10080 8064 180 24 5040 14400 36000 9000 3150 57600
16464 672 2352 112896 14112 5376 672 224 896 395136 224 8064
75264 9216 14 140 215040 451584 1920 141120 105 384 10321920 7168
1050 12250 35000 147000 14700 1260 140 2100 2940 700 294000 7350
10800 1920 12960 864 11520 8640 57600 86400 345600 8640 11520 1080
392 282240 576 7840 4032 140 28224 2016 8064 1008 1792 840
1680 8064 1344 4608 17920 5760 3840 336 8064 387072 56 13440
1792 3483648 193536 48384 144 2304 13934592 3096576 43008 435456 6048 290304
158760 544320 3386880 48384 4536 10368 2520 8064 30240 45360 52920 11340
17280 21600 13824 276480 23040 921600 34560 13824 368640 3840 7200 3840
752640 2257920 18816 2304 14450688 8960 56 480 4480 224 1680 56
5898240 4096 3225600 256 458752 10752 322560 8064 153600 1680 71680 1440
172032 84672 3072 4032 32256 1204224 57344 32256 384 896 672 4096
12288 331776 36 18432 2304 384 34560 144 110592 2880 4320 138240
1536 224 112 960 1680 16128 35840 1008 4480 56 53760 32256
11025 4410 41160 49000 735 176400 147000 11760 3920 2881200 1050 4410
20 241920 420 672 241920 336 840 360 36 3360 2520 72
76800 1000 16000 3840 15360 100 4000 76800 1600 800 25600 200
245760 3200 179200 12800 3360 15360 240 179200 201600 38400 900 480
300 120 14400 2400 2700 2 360 720 72 108000 600 90
172800 2880 51840 67200 720 630 1680 21600 16800 483840 1800 4032000
41472 10240 18 34560 4320 6912 96 192 5760 829440 768 23040
1254400 18063360 294 1440 16 4200 268800 26880 3360 22400 1920 3920
1505280 8 1075200 439040 175616 4704 53760 1920 420 1680 9408 7840
201600 1344 258048 409600 32256 64 168 2150400 120 2580480 10800 14400
716800 11200 28000 38400 537600 14000 384 1280 48000 84000 1120 480
2764800 23040 1200 8640 30720 414720 2880 2304 21600 1920 82944 41472
201600 1280 13547520 8064 27648 3780 645120 10080 6912 1411200 3360 1411200
32400 480 2160 2764800 230400 96 1536 69120 5184 1200 57600 60
13440 10584 376320 40320 17280 630 7056 8640 504 564480 432 7840
4500 3500 1134000 12000 42000 24 63000 600 360 216000 1575 14400
1260 1008 3240 24 38880 10080 2268 7560 84672 952560 211680 864
2520 648000 1890 3528 47250 540 13230 630 504000 22680 1890 45360
774144 11520 60480 145152 864 11520 80640 884736 13824 322560 35 15360
25088 5619712 50176 6272 1568 896 1404928 50176 448 512 12544 896
280 90 23520 1920 3150 180 1120 12600 1800 40320 18900 480
2540160 48384 100800 13230 226800 7776 6048 3048192 672 7200 127008 280
4536 864 72576 1512 6048 31104 3 2016 186624 3024 3048192 504
1512 2016 8128512 96 75264 10838016 384 28224 288 1354752 5419008 4741632
540 8640 1440 96 10368 7200 8640 518400 622080 23040 17280 10800
6720 30240 480 16128 20480 34560 144 5760 64 115200 38400 21504
752640 6272 256 1505280 1280 1120 2560 640 31360 21504 7168 12544
1344 43008 672 1548288 2257920 40320 451584 2688 10752 2352 168 1728
80640 80640 3072 9216 2580480 32 11520 1536 240 1680 2688 4480
43008 2160 20160 90 13440 840 32256 120960 64512 17640 10752 8064
967680 43008 1512 1344 2580480 37632 2016 329280 47040 24696 2688 141120
338688 370440 141120 8232 6860 2205 24696 1764 1764 4032 2940 46305
3240 26460 15120 252 36 132300 4536 13230 4536 79380 735 378
36 72 580608 580608 84 4032 648 15552 248832 10368 995328 12096
48384 30240 72576 30240 8064 20160 360 120 360 56700 54 1890
423360 1680 16800 840 1344 144 21 47040 126 141120 60 1512
24000 26880 800 38400 12000 126000 288000 960 4032 4800 4800 16000
1792 32768 98304 2688 1152 640 5120 92160 688128 32256 40320 768
8640 7560 42336 3024 7620480 90720 3780 105840 3360 216 7776 29400
740880 720 16128 141120 40320 28224 20 352800 2116800 564480 16128 6720
80640 2822400 18 5040 640 900 11612160 1382400 1058400 57600 23040 2540160
21504 18432 27648 224 96 16128 86016 2064384 2688 8064 28672 12386304
300 33600 120960 432 240 39200 117600 6300 7056 3360 80640 1411200
368640 2048 11796480 516096 1680 896 40320 2560 17920 14336 5120 3072
1400000 5600 2240 32000 40000 71680 160000 5600 140000 512000 320 128000
240 15120 4608 504 17280 1728 1920 864 60480 1728 240 1451520
259200 207360 24 1620 23040 2160 6480 7200 34560 5400 207360 2160
129024 960 107520 1536 40320 2016 6720 13440 53760 13824 10080 840
4320 211680 3024 20160 756 77760 211680 168 840 45360 8820 98784
73758720 5376 1317120 307328 2240 62720 2688 3920 11760 672 12544 128
1008 188160 8232 630 336 240 23520 98784 4032 2304960 3780 1185408
16128 4032 241920 10752 35280 896 70560 2709504 630 64512 282240 141120
3225600 2880 34560 16800 96 32 13440 432 5376 720 1290240 5760
9408 21600 188160 4032 25200 34560 134400 4800 38400 268800 4704 40320
72000 1680 640 2000 5400 6000 240 252000 630 1440000 25200 252000
16128 10752 14 9408 2688 1568 768 84 72 128 168 9408
43008 504 3024 645120 160 75264 280 150528 10752 192 43008 8960
32 589824 1152 384 288 1728 36864 49152 221184 98304 256 9216
4608 15680 144 134400 564480 403200 168 8400 5760 168 2520 2688
60480 6000 42000 400 240 420 1800 225 108 1680 1680 2700
344064 75264 36864 147456 1806336 12644352 14112 2064384 903168 10752 9408 1536
56000 17920 8960 2450 179200 64000 160 32000 1280 2240 89600 5
1474560 46080 184320 1280 6144 1728 786432 1920 240 384 80 7680
1440 403200 280 2100 56448 504 5760 13824 6720 84 980 23040
1008 129024 40960 860160 168 282240 150528 3136 2304 35840 882 2107392
2800 107520 313600 9408 1920 16800 1568 22400 13440 140 11760 67200
960 1200 7200 129024 33600 2880 32256 12600 1800 161280 20160 37800
11200 8960 13824 76800 120960 576 403200 300 3870720 34560 23040 1440
140 1680 70560 16800 10752 5644800 47040 336 175 9800 50400 6300
40 107520 1344 40320 960 2304 11760 12 36 6720 3920 9408
18 3150 300 2520 22680 8400 30 3240 3150 226800 9720 450
13440 768 64 384 344064 1376256 107520 229376 13440 4587520 10240 9175040
8400 1270080 45360 17280 12600 3175200 75600 423360 2520 6048 31104 254016
16128 322560 480 156800 29400 12544 4200 86016 2450 2352 19200 420
16 70 124416 8640 48 1451520 8640 8640 140 1260 3456 217728
2963520 336 17640 32256 504 5145 169344 9604 9408 2963520 165957120 148176
8640 6912 49152 27648 414720 276480 26542080 36864 92160 1152 1280 184320
20160 134400 537600 5644800 75264 5644800 40320 134400 1505280 2400 9031680 43008
86016 5160960 172032 13720 43904 11760 94080 18816 10536960 790272 6720 1032192
423360 24192 2016 756 15120 5292 6048 576 384 3360 8820 42336
576 11520 3456 57600 138240 3600 11520 69120 41472 9216 518400 24576
3600 69120 192 5760 11520 240 345600 2880 138240 13824 480 2880
28672 86016 320 896 280 2560 3072 192 1536 8960 224 12
5040 46080 1680 645120 4515840 2560 221184 36126720 241920 2240 11760 23520
504 168 84672 504 9072 1512 216 169344 24 28224 2268 1152
201600 144 537600 80 1680 128 215040 672 10240 2520 37632 8820
564480 2352 13440 40320 720 94080 201600 7056 115200 28800 11289600 75264
