1
100 3 5 7
12 4 15 4 5 3 12
12 36 12 3 9 3 12
1 20 20 25 4 1 5
20 5 16 16 20 1 20
18 3 6 2 2 6 1
5 25 4 20 5 4 25
2 6 15 30 30 30 2
20 100 100 20 20 4 4
36 1 12 4 12 9 12
3 9 5 15 15 9 1
2 2 1 1 2 2 4
3 5 5 3 3 15 15
4 3 3 16 48 16 4
4 2 6 1 6 6 3
5 10 25 1 5 5 10
1 5 2 10 10 50 5
25 25 1 25 25 5 5
4 2 4 8 8 1 2
1 6 8 2 8 4 1
9 4 12 12 3 3 3
25 75 75 3 15 15 5
1 1 6 6 1 2 2
3 5 3 1 15 20 60
3 15 15 5 15 15 15
3 4 1 12 4 2 6
20 20 20 5 40 2 40
20 8 4 5 40 5 8
1 2 3 6 2 2 4
3 6 3 30 30 1 10
12 3 3 12 36 1 1
30 10 6 2 6 10 6
8 8 4 4 2 8 4
1 75 75 1 1 75 5
1 4 5 4 5 4 4
24 1 2 4 12 6 1
20 1 16 80 4 20 5
20 5 5 5 4 4 100
5 10 8 5 5 10 20
6 1 2 6 2 3 2
16 16 8 1 4 2 2
15 15 3 5 75 25 5
4 5 20 4 4 4 25
20 5 4 4 1 20 1
8 40 20 4 8 4 4
20 5 20 4 10 4 5
5 5 2 2 5 2 1
4 80 4 1 5 16 20
20 10 2 4 10 10 4
10 8 10 20 5 10 40
4 4 8 2 2 4 4
2 1 2 2 2 2 4
10 2 2 5 4 2 2
4 4 2 2 4 8 2
4 12 16 4 12 16 12
9 12 1 1 36 3 9
5 1 2 2 25 5 10
4 1 5 2 10 2 10
60 4 4 1 3 3 3
16 4 4 2 4 4 16
3 9 3 1 1 9 3
8 32 2 4 8 32 4
4 12 12 16 4 16 48
50 10 1 50 2 5 10
1 1 1 6 1 6 1
9 45 45 9 3 3 15
3 18 2 18 6 3 9
1 4 6 6 24 3 1
75 1 5 3 15 3 75
2 3 24 6 3 12 1
8 16 4 8 16 4 2
1 1 20 8 5 40 20
5 20 20 15 5 60 1
3 30 10 6 6 1 10
6 4 6 4 2 2 6
6 3 10 6 2 5 30
4 16 8 2 2 16 4
3 6 6 3 2 1 18
3 1 3 60 3 1 3
10 40 20 8 2 20 4
3 9 3 1 1 3 1
5 2 1 4 20 5 2
9 9 9 1 27 9 27
2 40 20 1 20 2 2
20 10 40 2 10 5 10
2 4 32 4 2 4 4
5 3 3 1 15 3 15
20 8 1 5 10 2 10
8 1 4 8 4 1 8
8 2 4 4 4 2 2
10 50 25 5 2 25 10
4 8 1 10 1 4 20
4 12 12 3 3 3 48
4 16 16 4 64 64 16
20 1 20 5 5 20 5
50 10 50 10 25 10 1
1 1 2 3 6 6 3
1 3 9 3 3 1 45
50 25 25 5 2 25 50
10 5 30 1 6 30 3
15 2 3 2 5 30 10
